{
 "cells": [
  {
   "cell_type": "markdown",
   "id": "947d0804",
   "metadata": {},
   "source": [
    "Assignment 2\n",
    "Applied Machine Learning\n",
    "1. [20 pts] At a high-level, without entering into mathematical details, compare and contrast \n",
    "the following classifiers:\n",
    "\n",
    "• Perceptron (textbook's version) A perceptron is an algorithm that automatically learns optimal weight coefficients that is multiplied with input features in order to make the decision of whether a neuron fires (transmits a signal) or no. Perceptron can use numerical or nominal data. Perceptron algorithm does not solve an optimization problem, but is an iterative process that solves a feasibility problem. Naturally binary classifier.\n",
    "\n",
    "• SVM – Support vector machine can be considered an extension of the perceptron algorithm where the optimization objective is to maximize the margin opposed to minimizing misclassification errors with the perceptron algorithm. The margin is defined as the distance between the separating hyperplane (decision boundary) and the training examples that are closest to this hyperplane, which are the so-called support vectors. I believe SVM can solve an optimization problem with an optimization algorithm. SVM is also binary classifier, but with multiple examples.\n",
    "\n",
    "• Decision Tree - decision tree classifiers are attractive models if we care about interpretability. As the name \"decision tree\" suggests, we can think of this model as breaking down our data by making a decision based on asking a series of questions. Decision tree usually uses nominal data, and text can be used. Optimization is greedy.\n",
    "\n",
    "• Random Forest (you have to research a bit about this classifier) – Takes the predictions of many decision trees and takes the average from those trees to increase the accuracy in regression and classification problems. Random forest usually uses nominal data.\n",
    "\n",
    "• Which one will be the first that you would try on your dataset? \n",
    "I would try using a decision tree first because it can be used for classification and regression for categorical data better than SVM and is less complicated than random forest.\n",
    "\n",
    "2. [20 pts] Using real datasets (can also be hypothetically constructed by yourself) define thefollowing feature types, and give example values from your dataset. How would you represent these features in a computer program? (e.g., 32-bit integer? Floating point? \n",
    "String?)\n",
    "\n",
    "• Numerical – floating point float 64. \n",
    "\n",
    "• Nominal – should be a 32-bit integer. If data is not ordinal then you’d have to use one-hot encoding to make non-ordinal nominal values into ordinal. A good example for making nominal values ordinal with one-hot encoding would be colors.\n",
    "\n",
    "• Date – depending on what problem we’re trying to solve this would be a 32-bit integer. \n",
    "\n",
    "• Text - String\n",
    "\n",
    "• Image -  2d array of integers. \n",
    "\n",
    "• Dependent variable – could be anything. String, floating point, integer…\n",
    "\n",
    "3. [20 pts] Using online resources, research and find other classifier performance metrics which are also as common as the accuracy metric. In your own words write down the mathematical equations and the meaning of the metrics that you found. \n",
    "\n",
    "Recall or true positive rate (TPR) is a classifier performance metric used in object classification that mathematically describes whether a specific condition exists or is absent. If a condition is present then the model is positive and if the condition is absent the model is negative. \n",
    "To calculate TPR you need; true positive (TP), false negative (NF), condition positive (P), and false negative rate (FNR).\n",
    "TPR = TP/P = TP/(TP +FN) = 1 – FNR.   \n",
    "\n",
    "Recall is part of the accuracy equation, but it is not a complete metric like accuracy.\n",
    "\n",
    "4. [40 pts] Implement a correlation program from scratch to look at the correlations between \n",
    "Observe that the diagonal of this matrix should have all 1's and explain why? Since the last column can be used as the target (dependent) variable, what do you think about the correlations between all the variables? Which variable should be the most important for prediction of 'Chance of Admit'? \n",
    "\n",
    "Answer is below.\n"
   ]
  },
  {
   "cell_type": "code",
   "execution_count": 1,
   "id": "c6fad254",
   "metadata": {},
   "outputs": [
    {
     "name": "stdout",
     "output_type": "stream",
     "text": [
      "N rows=500, M columns=9\n"
     ]
    },
    {
     "data": {
      "text/html": [
       "<div>\n",
       "<style scoped>\n",
       "    .dataframe tbody tr th:only-of-type {\n",
       "        vertical-align: middle;\n",
       "    }\n",
       "\n",
       "    .dataframe tbody tr th {\n",
       "        vertical-align: top;\n",
       "    }\n",
       "\n",
       "    .dataframe thead th {\n",
       "        text-align: right;\n",
       "    }\n",
       "</style>\n",
       "<table border=\"1\" class=\"dataframe\">\n",
       "  <thead>\n",
       "    <tr style=\"text-align: right;\">\n",
       "      <th></th>\n",
       "      <th>Serial No.</th>\n",
       "      <th>GRE Score</th>\n",
       "      <th>TOEFL Score</th>\n",
       "      <th>University Rating</th>\n",
       "      <th>SOP</th>\n",
       "      <th>LOR</th>\n",
       "      <th>CGPA</th>\n",
       "      <th>Research</th>\n",
       "      <th>Chance of Admit</th>\n",
       "    </tr>\n",
       "  </thead>\n",
       "  <tbody>\n",
       "    <tr>\n",
       "      <th>0</th>\n",
       "      <td>1</td>\n",
       "      <td>337</td>\n",
       "      <td>118</td>\n",
       "      <td>4</td>\n",
       "      <td>4.5</td>\n",
       "      <td>4.5</td>\n",
       "      <td>9.65</td>\n",
       "      <td>1</td>\n",
       "      <td>0.92</td>\n",
       "    </tr>\n",
       "    <tr>\n",
       "      <th>1</th>\n",
       "      <td>2</td>\n",
       "      <td>324</td>\n",
       "      <td>107</td>\n",
       "      <td>4</td>\n",
       "      <td>4.0</td>\n",
       "      <td>4.5</td>\n",
       "      <td>8.87</td>\n",
       "      <td>1</td>\n",
       "      <td>0.76</td>\n",
       "    </tr>\n",
       "    <tr>\n",
       "      <th>2</th>\n",
       "      <td>3</td>\n",
       "      <td>316</td>\n",
       "      <td>104</td>\n",
       "      <td>3</td>\n",
       "      <td>3.0</td>\n",
       "      <td>3.5</td>\n",
       "      <td>8.00</td>\n",
       "      <td>1</td>\n",
       "      <td>0.72</td>\n",
       "    </tr>\n",
       "    <tr>\n",
       "      <th>3</th>\n",
       "      <td>4</td>\n",
       "      <td>322</td>\n",
       "      <td>110</td>\n",
       "      <td>3</td>\n",
       "      <td>3.5</td>\n",
       "      <td>2.5</td>\n",
       "      <td>8.67</td>\n",
       "      <td>1</td>\n",
       "      <td>0.80</td>\n",
       "    </tr>\n",
       "    <tr>\n",
       "      <th>4</th>\n",
       "      <td>5</td>\n",
       "      <td>314</td>\n",
       "      <td>103</td>\n",
       "      <td>2</td>\n",
       "      <td>2.0</td>\n",
       "      <td>3.0</td>\n",
       "      <td>8.21</td>\n",
       "      <td>0</td>\n",
       "      <td>0.65</td>\n",
       "    </tr>\n",
       "  </tbody>\n",
       "</table>\n",
       "</div>"
      ],
      "text/plain": [
       "   Serial No.  GRE Score  TOEFL Score  University Rating  SOP  LOR   CGPA  \\\n",
       "0           1        337          118                  4  4.5   4.5  9.65   \n",
       "1           2        324          107                  4  4.0   4.5  8.87   \n",
       "2           3        316          104                  3  3.0   3.5  8.00   \n",
       "3           4        322          110                  3  3.5   2.5  8.67   \n",
       "4           5        314          103                  2  2.0   3.0  8.21   \n",
       "\n",
       "   Research  Chance of Admit   \n",
       "0         1              0.92  \n",
       "1         1              0.76  \n",
       "2         1              0.72  \n",
       "3         1              0.80  \n",
       "4         0              0.65  "
      ]
     },
     "execution_count": 1,
     "metadata": {},
     "output_type": "execute_result"
    }
   ],
   "source": [
    "import pandas as pd\n",
    "import numpy as np\n",
    "# Locate and load the data file\n",
    "df = pd.read_csv('Admission_Predict_Ver1.1.csv')\n",
    "\n",
    "# Sanity check\n",
    "print(f'N rows={len(df)}, M columns={len(df.columns)}')\n",
    "df.head()"
   ]
  },
  {
   "cell_type": "code",
   "execution_count": 2,
   "id": "8e925bf3",
   "metadata": {},
   "outputs": [
    {
     "data": {
      "text/plain": [
       "['Serial No.',\n",
       " 'GRE Score',\n",
       " 'TOEFL Score',\n",
       " 'University Rating',\n",
       " 'SOP',\n",
       " 'LOR ',\n",
       " 'CGPA',\n",
       " 'Research',\n",
       " 'Chance of Admit ']"
      ]
     },
     "execution_count": 2,
     "metadata": {},
     "output_type": "execute_result"
    }
   ],
   "source": [
    "list(df)"
   ]
  },
  {
   "cell_type": "code",
   "execution_count": 3,
   "id": "f404308c",
   "metadata": {},
   "outputs": [
    {
     "data": {
      "text/plain": [
       "array([[1.        , 0.66370685],\n",
       "       [0.66370685, 1.        ]])"
      ]
     },
     "execution_count": 3,
     "metadata": {},
     "output_type": "execute_result"
    }
   ],
   "source": [
    "np.corrcoef(df.loc[:,'SOP'].to_numpy(),df.loc[:,'LOR '].to_numpy())"
   ]
  },
  {
   "cell_type": "code",
   "execution_count": 4,
   "id": "f9ad13d5",
   "metadata": {},
   "outputs": [
    {
     "data": {
      "text/html": [
       "<div>\n",
       "<style scoped>\n",
       "    .dataframe tbody tr th:only-of-type {\n",
       "        vertical-align: middle;\n",
       "    }\n",
       "\n",
       "    .dataframe tbody tr th {\n",
       "        vertical-align: top;\n",
       "    }\n",
       "\n",
       "    .dataframe thead th {\n",
       "        text-align: right;\n",
       "    }\n",
       "</style>\n",
       "<table border=\"1\" class=\"dataframe\">\n",
       "  <thead>\n",
       "    <tr style=\"text-align: right;\">\n",
       "      <th></th>\n",
       "      <th>Serial No.</th>\n",
       "      <th>GRE Score</th>\n",
       "      <th>TOEFL Score</th>\n",
       "      <th>University Rating</th>\n",
       "      <th>SOP</th>\n",
       "      <th>LOR</th>\n",
       "      <th>CGPA</th>\n",
       "      <th>Research</th>\n",
       "      <th>Chance of Admit</th>\n",
       "    </tr>\n",
       "  </thead>\n",
       "  <tbody>\n",
       "    <tr>\n",
       "      <th>Serial No.</th>\n",
       "      <td>1.000000</td>\n",
       "      <td>-0.103839</td>\n",
       "      <td>-0.141696</td>\n",
       "      <td>-0.067641</td>\n",
       "      <td>-0.137352</td>\n",
       "      <td>-0.003694</td>\n",
       "      <td>-0.074289</td>\n",
       "      <td>-0.005332</td>\n",
       "      <td>0.008505</td>\n",
       "    </tr>\n",
       "    <tr>\n",
       "      <th>GRE Score</th>\n",
       "      <td>-0.103839</td>\n",
       "      <td>1.000000</td>\n",
       "      <td>0.827200</td>\n",
       "      <td>0.635376</td>\n",
       "      <td>0.613498</td>\n",
       "      <td>0.524679</td>\n",
       "      <td>0.825878</td>\n",
       "      <td>0.563398</td>\n",
       "      <td>0.810351</td>\n",
       "    </tr>\n",
       "    <tr>\n",
       "      <th>TOEFL Score</th>\n",
       "      <td>-0.141696</td>\n",
       "      <td>0.827200</td>\n",
       "      <td>1.000000</td>\n",
       "      <td>0.649799</td>\n",
       "      <td>0.644410</td>\n",
       "      <td>0.541563</td>\n",
       "      <td>0.810574</td>\n",
       "      <td>0.467012</td>\n",
       "      <td>0.792228</td>\n",
       "    </tr>\n",
       "    <tr>\n",
       "      <th>University Rating</th>\n",
       "      <td>-0.067641</td>\n",
       "      <td>0.635376</td>\n",
       "      <td>0.649799</td>\n",
       "      <td>1.000000</td>\n",
       "      <td>0.728024</td>\n",
       "      <td>0.608651</td>\n",
       "      <td>0.705254</td>\n",
       "      <td>0.427047</td>\n",
       "      <td>0.690132</td>\n",
       "    </tr>\n",
       "    <tr>\n",
       "      <th>SOP</th>\n",
       "      <td>-0.137352</td>\n",
       "      <td>0.613498</td>\n",
       "      <td>0.644410</td>\n",
       "      <td>0.728024</td>\n",
       "      <td>1.000000</td>\n",
       "      <td>0.663707</td>\n",
       "      <td>0.712154</td>\n",
       "      <td>0.408116</td>\n",
       "      <td>0.684137</td>\n",
       "    </tr>\n",
       "    <tr>\n",
       "      <th>LOR</th>\n",
       "      <td>-0.003694</td>\n",
       "      <td>0.524679</td>\n",
       "      <td>0.541563</td>\n",
       "      <td>0.608651</td>\n",
       "      <td>0.663707</td>\n",
       "      <td>1.000000</td>\n",
       "      <td>0.637469</td>\n",
       "      <td>0.372526</td>\n",
       "      <td>0.645365</td>\n",
       "    </tr>\n",
       "    <tr>\n",
       "      <th>CGPA</th>\n",
       "      <td>-0.074289</td>\n",
       "      <td>0.825878</td>\n",
       "      <td>0.810574</td>\n",
       "      <td>0.705254</td>\n",
       "      <td>0.712154</td>\n",
       "      <td>0.637469</td>\n",
       "      <td>1.000000</td>\n",
       "      <td>0.501311</td>\n",
       "      <td>0.882413</td>\n",
       "    </tr>\n",
       "    <tr>\n",
       "      <th>Research</th>\n",
       "      <td>-0.005332</td>\n",
       "      <td>0.563398</td>\n",
       "      <td>0.467012</td>\n",
       "      <td>0.427047</td>\n",
       "      <td>0.408116</td>\n",
       "      <td>0.372526</td>\n",
       "      <td>0.501311</td>\n",
       "      <td>1.000000</td>\n",
       "      <td>0.545871</td>\n",
       "    </tr>\n",
       "    <tr>\n",
       "      <th>Chance of Admit</th>\n",
       "      <td>0.008505</td>\n",
       "      <td>0.810351</td>\n",
       "      <td>0.792228</td>\n",
       "      <td>0.690132</td>\n",
       "      <td>0.684137</td>\n",
       "      <td>0.645365</td>\n",
       "      <td>0.882413</td>\n",
       "      <td>0.545871</td>\n",
       "      <td>1.000000</td>\n",
       "    </tr>\n",
       "  </tbody>\n",
       "</table>\n",
       "</div>"
      ],
      "text/plain": [
       "                   Serial No.  GRE Score  TOEFL Score  University Rating  \\\n",
       "Serial No.           1.000000  -0.103839    -0.141696          -0.067641   \n",
       "GRE Score           -0.103839   1.000000     0.827200           0.635376   \n",
       "TOEFL Score         -0.141696   0.827200     1.000000           0.649799   \n",
       "University Rating   -0.067641   0.635376     0.649799           1.000000   \n",
       "SOP                 -0.137352   0.613498     0.644410           0.728024   \n",
       "LOR                 -0.003694   0.524679     0.541563           0.608651   \n",
       "CGPA                -0.074289   0.825878     0.810574           0.705254   \n",
       "Research            -0.005332   0.563398     0.467012           0.427047   \n",
       "Chance of Admit      0.008505   0.810351     0.792228           0.690132   \n",
       "\n",
       "                        SOP      LOR       CGPA  Research  Chance of Admit   \n",
       "Serial No.        -0.137352 -0.003694 -0.074289 -0.005332          0.008505  \n",
       "GRE Score          0.613498  0.524679  0.825878  0.563398          0.810351  \n",
       "TOEFL Score        0.644410  0.541563  0.810574  0.467012          0.792228  \n",
       "University Rating  0.728024  0.608651  0.705254  0.427047          0.690132  \n",
       "SOP                1.000000  0.663707  0.712154  0.408116          0.684137  \n",
       "LOR                0.663707  1.000000  0.637469  0.372526          0.645365  \n",
       "CGPA               0.712154  0.637469  1.000000  0.501311          0.882413  \n",
       "Research           0.408116  0.372526  0.501311  1.000000          0.545871  \n",
       "Chance of Admit    0.684137  0.645365  0.882413  0.545871          1.000000  "
      ]
     },
     "execution_count": 4,
     "metadata": {},
     "output_type": "execute_result"
    }
   ],
   "source": [
    "df.corr()"
   ]
  },
  {
   "cell_type": "code",
   "execution_count": 5,
   "id": "c0ce8c07",
   "metadata": {},
   "outputs": [],
   "source": [
    "def average(c):\n",
    "    total = 0\n",
    "    for i in c:\n",
    "        total+=i\n",
    "    return total/len(c)"
   ]
  },
  {
   "cell_type": "code",
   "execution_count": 6,
   "id": "a9625ccd",
   "metadata": {},
   "outputs": [],
   "source": [
    "def correlation(c1,c2):\n",
    "    avg1 = average(c1)\n",
    "    avg2 = average(c2)\n",
    "    \n",
    "    numerator = 0\n",
    "    for i in range(len(c1)):\n",
    "        numerator+=(c1[i]-avg1)*(c2[i]-avg2)\n",
    "        \n",
    "    d1= 0\n",
    "    for i in range(len(c1)):\n",
    "        d1 += (c1[i]-avg1)**2\n",
    "    d2= 0\n",
    "    for i in range(len(c2)):\n",
    "        d2 += (c2[i]-avg2)**2\n",
    "    denominator = (d1*d2)**.5\n",
    "    return numerator/denominator"
   ]
  },
  {
   "cell_type": "code",
   "execution_count": 7,
   "id": "cbe2c782",
   "metadata": {},
   "outputs": [
    {
     "name": "stdout",
     "output_type": "stream",
     "text": [
      "  1.000000000   0.827200404   0.635376211   0.613497673   0.524679393   0.825877954   0.563398122   0.810350635 \n",
      "  0.827200404   1.000000000   0.649799195   0.644410388   0.541563295   0.810573536   0.467012061   0.792227614 \n",
      "  0.635376211   0.649799195   1.000000000   0.728023572   0.608650707   0.705254345   0.427047452   0.690132369 \n",
      "  0.613497673   0.644410388   0.728023572   1.000000000   0.663706853   0.712154324   0.408115846   0.684136524 \n",
      "  0.524679393   0.541563295   0.608650707   0.663706853   1.000000000   0.637469206   0.372525604   0.645364514 \n",
      "  0.825877954   0.810573536   0.705254345   0.712154324   0.637469206   1.000000000   0.501311001   0.882412575 \n",
      "  0.563398122   0.467012061   0.427047452   0.408115846   0.372525604   0.501311001   1.000000000   0.545871029 \n",
      "  0.810350635   0.792227614   0.690132369   0.684136524   0.645364514   0.882412575   0.545871029   1.000000000 \n"
     ]
    }
   ],
   "source": [
    "l = list(df)\n",
    "for c1 in l:\n",
    "    if c1 == 'Serial No.':\n",
    "        continue\n",
    "    #print(c1, end=\"\")\n",
    "    for c2 in l:\n",
    "        if c2 == 'Serial No.':\n",
    "            continue\n",
    "        print(f' {correlation(df.loc[:,c1].to_numpy(),df.loc[:,c2].to_numpy()): .9f}', end=\" \" )\n",
    "    print()"
   ]
  },
  {
   "cell_type": "markdown",
   "id": "c18ad3ff",
   "metadata": {},
   "source": [
    "The diagonal is all 1's because the diagonal has the same feature for row and column, so correlation(x,x)=1."
   ]
  },
  {
   "cell_type": "markdown",
   "id": "4c56b541",
   "metadata": {},
   "source": [
    "It makes sense that the correlations of all the variables are positive, since someone with good scores in some area should have good scores in other areas as well, and therefore have a higher chance of admission. `'CGPA'` is the best predictor for `'Chance of Admit'` since it has the highest correlation with it."
   ]
  }
 ],
 "metadata": {
  "kernelspec": {
   "display_name": "Python 3 (ipykernel)",
   "language": "python",
   "name": "python3"
  },
  "language_info": {
   "codemirror_mode": {
    "name": "ipython",
    "version": 3
   },
   "file_extension": ".py",
   "mimetype": "text/x-python",
   "name": "python",
   "nbconvert_exporter": "python",
   "pygments_lexer": "ipython3",
   "version": "3.9.16"
  }
 },
 "nbformat": 4,
 "nbformat_minor": 5
}
